158
111
127
119
123
146
146
170
101
191
137
177
192
161
131
154
178
130
109
137
192
186
197
113
195
170
182
159
184
142
110
144
122
155
194
188
160
192
167
116
170
164
158
162
107
123
159
151
184
124
159
180
120
166
105
175
177
162
146
117
147
149
146
152
166
145
188
128
198
103
130
147
112
117
163
163
139
136
101
157
134
110
173
111
168
101
196
149
102
158
105
137
135
199
137
184
119
136
127
143
104
125
184
179
199
122
127
107
118
119
108
125
192
176
147
150
189
103
194
133
174
114
139
160
174
143
186
127
151
185
118
185
157
116
195
116
172
196
165
146
183
121
121
105
150
150
120
169
141
171
160
193
146
111
110
182
163
151
133
 101 101 101 103 102
