154
148
111
110
188
152
182
188
100
110
127
192
149
119
116
120
105
134
143
157
119
162
118
172
122
107
196
178
179
149
152
166
183
117
158
182
171
131
137
147
188
104
150
135
144
166
149
186
169
168
107
136
153
120
126
163
188
115
119
146
156
160
175
140
106
107
194
104
139
109
168
194
192
144
127
192
129
106
165
159
122
130
110
128
187
171
149
186
142
176
187
136
103
106
187
199
196
124
151
152
147
130
100
198
112
109
146
183
135
111
194
198
184
175
179
136
198
123
143
132
151
169
174
110
160
193
157
154
145
126
154
156
136
192
197
130
148
130
148
171
175
166
135
164
138
105
140
107
174
176
164
177
102
188
157
 100 100 102 104 103
