1 7 8 | 5 9 4 | 3 2 6 | 
9 6 4 | 2 1 3 | 7 8 5 | 
2 5 3 | 8 6 7 | 9 1 4 | 
------|-------|-------|
4 8 2 | 7 3 9 | 6 5 1 | 
7 9 5 | 1 8 6 | 4 3 2 | 
3 1 6 | 4 5 2 | 8 9 7 | 
------|-------|-------|
8 2 9 | 6 7 1 | 5 4 3 | 
6 3 1 | 9 4 5 | 2 7 8 | 
5 4 7 | 3 2 8 | 1 6 9 | 
------|-------|-------|

1 7 8 | 5 6 3 | 9 2 4 | 
9 2 4 | 1 8 7 | 3 6 5 | 
5 6 3 | 2 9 4 | 7 8 1 | 
------|-------|-------|
4 8 2 | 7 3 9 | 1 5 6 | 
7 5 9 | 8 1 6 | 4 3 2 | 
3 1 6 | 4 2 5 | 8 9 7 | 
------|-------|-------|
8 9 1 | 6 7 2 | 5 4 3 | 
6 3 5 | 9 4 1 | 2 7 8 | 
2 4 7 | 3 5 8 | 6 1 9 | 
------|-------|-------|